{"KG_DIOR_info": {"S": [[0.2874142413181448, 0.0006308668970343097, 3.862086857009256e-06, 4.315475994057395e-06, 7.367862676963536e-05, 2.2229256926501596e-05, 6.709877868454974e-06, 2.8924640954061935e-06, 0.0, 3.808729303640372e-05, 0.0, 0.0, 7.90270408794868e-06, 0.0002528525608761071, 1.3777717932900489e-05, 0.0, 6.508545923802706e-06, 4.016485270915704e-05, 0.0002892662365673282, 2.059212458343365e-05], [0.0006308668970343097, 0.2313119592951382, 4.1933882286982444e-06, 3.5386256427528144e-06, 7.513715794610821e-05, 7.961892612105527e-06, 7.039767923235724e-06, 7.82809406677127e-06, 0.0, 0.00011627518037718956, 0.0, 0.0, 4.4217592462462955e-06, 0.0001777881172055678, 5.38448282752215e-05, 0.0, 5.353568999305727e-06, 0.00016783830272437927, 9.154875997922025e-05, 1.02469015491648e-05], [3.862086857009256e-06, 4.1933882286982444e-06, 0.29040414611294796, 3.6271432413159704e-06, 6.933457084324756e-06, 1.5040819219508844e-06, 1.2812473075429387e-06, 8.180804923801093e-07, 0.0, 3.848681823097927e-06, 0.0, 0.0, 4.740125621970295e-07, 1.2112560787908303e-05, 0.00010895728825090107, 0.0, 8.2444232520993e-07, 2.710173253635427e-06, 1.0765992352217565e-05, 9.070042716820229e-07], [4.315475994057395e-06, 3.5386256427528144e-06, 3.6271432413159704e-06, 0.29780791347901847, 5.913176761737983e-06, 1.6450854498052308e-06, 1.2673153903630134e-06, 8.774439136389323e-07, 0.0, 4.825941344835682e-06, 0.0, 0.0, 4.932152625495486e-07, 1.5140607521820796e-05, 3.596321009188581e-05, 0.0, 3.2183842106229e-06, 4.83970034038138e-06, 7.67579615853614e-06, 5.238624958221288e-06], [7.367862676963536e-05, 7.513715794610821e-05, 6.933457084324756e-06, 5.913176761737983e-06, 0.25260237615510595, 2.5606914896750124e-05, 7.542682790792823e-05, 6.3859603992521375e-06, 0.0, 5.91714619411192e-05, 0.0, 0.0, 0.003989553076341439, 0.0018401994533401432, 2.6574685311244923e-05, 0.0, 6.375212046502977e-06, 8.685551916355833e-05, 9.057151506768442e-05, 1.1186080490267306e-05], [2.2229256926501596e-05, 7.961892612105527e-06, 1.5040819219508844e-06, 1.6450854498052308e-06, 2.5606914896750124e-05, 0.21437130785367983, 2.984613502308146e-05, 7.505346013298747e-07, 0.0, 1.3196134371146763e-05, 0.0, 0.0, 5.3321794796624324e-06, 2.9280248740650555e-05, 4.3832682757420485e-06, 0.0, 1.0455073855301702e-06, 6.6461475071773935e-06, 3.221883073922173e-05, 3.0345354828129078e-06], [6.709877868454974e-06, 7.039767923235724e-06, 1.2812473075429387e-06, 1.2673153903630134e-06, 7.542682790792823e-05, 2.984613502308146e-05, 0.22215213977925874, 1.4140334047307535e-06, 0.0, 3.704703035928639e-05, 0.0, 0.0, 2.041607958657823e-06, 7.083019930534935e-05, 6.44130519813493e-06, 0.0, 2.9525921673437768e-06, 4.328978484427164e-06, 1.334722298028474e-05, 3.1708060143576146e-06], [2.8924640954061935e-06, 7.82809406677127e-06, 8.180804923801093e-07, 8.774439136389323e-07, 6.3859603992521375e-06, 7.505346013298747e-07, 1.4140334047307535e-06, 0.21471280867444403, 0.0, 2.8651337693363715e-06, 0.0, 0.0, 3.074323044404825e-07, 1.4642720410121324e-05, 1.0863334384125521e-05, 0.0, 8.408342457013716e-07, 3.1963718293982882e-06, 1.8369981644619117e-05, 1.0233531049646256e-06], [0.0, 0.0, 0.0, 0.0, 0.0, 0.0, 0.0, 0.0, 1.0, 0.0, 0.0, 0.0, 0.0, 0.0, 0.0, 0.0, 0.0, 0.0, 0.0, 0.0], [3.808729303640372e-05, 0.00011627518037718956, 3.848681823097927e-06, 4.825941344835682e-06, 5.91714619411192e-05, 1.3196134371146763e-05, 3.704703035928639e-05, 2.8651337693363715e-06, 0.0, 0.21391162796761773, 0.0, 0.0, 2.7522359018435705e-06, 0.0010308362695799706, 1.0008038205952074e-05, 0.0, 2.386758913838018e-06, 4.230788083061095e-05, 6.1025754870637874e-05, 5.015635538898812e-06], [0.0, 0.0, 0.0, 0.0, 0.0, 0.0, 0.0, 0.0, 0.0, 0.0, 1.0, 0.0, 0.0, 0.0, 0.0, 0.0, 0.0, 0.0, 0.0, 0.0], [0.0, 0.0, 0.0, 0.0, 0.0, 0.0, 0.0, 0.0, 0.0, 0.0, 0.0, 1.0, 0.0, 0.0, 0.0, 0.0, 0.0, 0.0, 0.0, 0.0], [7.90270408794868e-06, 4.4217592462462955e-06, 4.740125621970295e-07, 4.932152625495486e-07, 0.003989553076341439, 5.3321794796624324e-06, 2.041607958657823e-06, 3.074323044404825e-07, 0.0, 2.7522359018435705e-06, 0.0, 0.0, 0.1996937270143561, 4.627475098842686e-05, 2.437266268081827e-06, 0.0, 5.7807285246983e-07, 8.852527000402752e-06, 1.4774049962633783e-05, 5.639882835103442e-07], [0.0002528525608761071, 0.0001777881172055678, 1.2112560787908303e-05, 1.5140607521820796e-05, 0.0018401994533401432, 2.9280248740650555e-05, 7.083019930534935e-05, 1.4642720410121324e-05, 0.0, 0.0010308362695799706, 0.0, 0.0, 4.627475098842686e-05, 0.25763091591373183, 7.47297404870845e-05, 0.0, 1.1182419539622463e-05, 4.222192737603915e-05, 0.000956498022382104, 4.5485162192776586e-05], [1.3777717932900489e-05, 5.38448282752215e-05, 0.00010895728825090107, 3.596321009188581e-05, 2.6574685311244923e-05, 4.3832682757420485e-06, 6.44130519813493e-06, 1.0863334384125521e-05, 0.0, 1.0008038205952074e-05, 0.0, 0.0, 2.437266268081827e-06, 7.47297404870845e-05, 0.2914134508601357, 0.0, 5.199594192391255e-06, 2.2694348860824973e-05, 3.797595505982988e-05, 2.609916654581521e-06], [0.0, 0.0, 0.0, 0.0, 0.0, 0.0, 0.0, 0.0, 0.0, 0.0, 0.0, 0.0, 0.0, 0.0, 0.0, 0.21499160680460683, 0.0, 0.0, 0.0, 0.0], [6.508545923802706e-06, 5.353568999305727e-06, 8.2444232520993e-07, 3.2183842106229e-06, 6.375212046502977e-06, 1.0455073855301702e-06, 2.9525921673437768e-06, 8.408342457013716e-07, 0.0, 2.386758913838018e-06, 0.0, 0.0, 5.7807285246983e-07, 1.1182419539622463e-05, 5.199594192391255e-06, 0.0, 0.26395391973342847, 9.379173443943318e-06, 1.0191362915592554e-05, 7.84287646121146e-07], [4.016485270915704e-05, 0.00016783830272437927, 2.710173253635427e-06, 4.83970034038138e-06, 8.685551916355833e-05, 6.6461475071773935e-06, 4.328978484427164e-06, 3.1963718293982882e-06, 0.0, 4.230788083061095e-05, 0.0, 0.0, 8.852527000402752e-06, 4.222192737603915e-05, 2.2694348860824973e-05, 0.0, 9.379173443943318e-06, 0.29036866995247307, 6.295377710562162e-05, 2.311622165334319e-06], [0.0002892662365673282, 9.154875997922025e-05, 1.0765992352217565e-05, 7.67579615853614e-06, 9.057151506768442e-05, 3.221883073922173e-05, 1.334722298028474e-05, 1.8369981644619117e-05, 0.0, 6.1025754870637874e-05, 0.0, 0.0, 1.4774049962633783e-05, 0.000956498022382104, 3.797595505982988e-05, 0.0, 1.0191362915592554e-05, 6.295377710562162e-05, 0.22188757111475496, 9.909126785881843e-06], [2.059212458343365e-05, 1.02469015491648e-05, 9.070042716820229e-07, 5.238624958221288e-06, 1.1186080490267306e-05, 3.0345354828129078e-06, 3.1708060143576146e-06, 1.0233531049646256e-06, 0.0, 5.015635538898812e-06, 0.0, 0.0, 5.639882835103442e-07, 4.5485162192776586e-05, 2.609916654581521e-06, 0.0, 7.84287646121146e-07, 2.311622165334319e-06, 9.909126785881843e-06, 0.22246700514254644]]}}